[1,["1brw/JvvpFnIvdrxpFCgMZ","d3x4IMKphEKYvHuEU7yaxB","12Y9dMgWdJKJGmTiZyQR9H@a804a","3cktEWC/5FKYQsKG5z6o6M","c2vDMwns1MHq5oNwQvxkJ4@0969b","31ratjlCNDQpUeiT6hSc4C","c2vDMwns1MHq5oNwQvxkJ4@e4202","c2vDMwns1MHq5oNwQvxkJ4@30732","c4kVv4y5JB2I7H16EtHHyu","c2vDMwns1MHq5oNwQvxkJ4@b107a","c2vDMwns1MHq5oNwQvxkJ4@f1394","c2vDMwns1MHq5oNwQvxkJ4@10076","c2vDMwns1MHq5oNwQvxkJ4@cf5ee","c2vDMwns1MHq5oNwQvxkJ4@989ed","c2vDMwns1MHq5oNwQvxkJ4@2a5cd","c2vDMwns1MHq5oNwQvxkJ4@ee525","c2vDMwns1MHq5oNwQvxkJ4@963f8","d8FQqMWTZADaTomN5dYebK@6c48a"],["node","_parent","_mesh","root","_effectAsset","value","_skeleton","asset","data","_defaultClip","mainTexture"],[["cc.Node",["_name","_objFlags","__editorExtras__","_prefab","_parent","_lpos","_euler","_lrot","_children","_lscale","_components"],0,4,1,5,5,5,2,5,9],["cc.Material",["_states","_defines","_props"],1,12],["cc.Prefab",["_name"],2],["cc.Node",["_name","_parent","_children","_prefab","_lpos","_lrot","_lscale","_euler"],2,1,12,4,5,5,5,5],["cc.Node",["_name","_parent","_children","_prefab","_lpos","_lrot","_euler"],2,1,9,4,5,5,5],["f19d1B1+z9Fy72Mq9pdFmVX",["colorGroup","node","__prefab"],2,1,4],["cc.CompPrefabInfo",["fileId"],2],["cc.PrefabInfo",["fileId","root","asset"],2,1,1],["cc.PrefabInfo",["fileId","root","instance","asset"],2,1,4,6],["cc.SkeletalAnimation",["playOnLoad","_useBakedAnimation","node","__prefab","_clips","_defaultClip"],1,1,4,3,6],["cc.TargetInfo",["localID"],2],["cc.MeshRenderer",["_name","_enabled","node","__prefab","_materials","lightmapSettings","_mesh"],1,1,4,3,4,6],["cc.ModelLightmapSettings",[],3],["cc.BoxCollider",["node","__prefab"],3,1,4],["cc.RigidBody",["_type","node","__prefab"],2,1,4],["cc.PrefabInstance",["fileId","prefabRootNode","propertyOverrides"],2,1,9],["CCPropertyOverrideInfo",["value","propertyPath","targetInfo"],1,1],["CCPropertyOverrideInfo",["propertyPath","targetInfo","value"],2,1,8],["CCPropertyOverrideInfo",["propertyPath","targetInfo","value"],2,1,1],["cc.SkinnedMeshRenderer",["node","__prefab","_materials","lightmapSettings","_skinningRoot","_mesh","_skeleton"],3,1,4,3,4,1,6,6],["cc.Skeleton",["_name","_hash","_joints","_bindposes"],0,12],["cc.Mesh",["_native","_hash","_struct"],1,11]],[[7,0,1,2,2],[0,0,4,8,3,5,7,6,2],[6,0,2],[4,0,1,2,3,4,5,6,2],[12,1],[16,0,1,2,3],[17,0,1,2,2],[0,0,8,3,5,7,6,2],[1,0,1,2,3],[0,1,2,4,3,3],[0,0,4,10,3,7,9,6,2],[0,0,4,3,5,7,9,6,2],[0,0,4,3,5,2],[8,0,1,2,3,2],[10,0,2],[11,0,1,2,3,4,5,6,3],[13,0,1,1],[14,0,1,2,2],[15,0,1,2,2],[18,0,1,2,2],[19,0,1,2,3,4,5,6,1],[20,0,1,2,3,4],[21,0,1,2,3],[2,0,2],[0,0,8,10,3,9,2],[0,0,4,8,10,3,2],[0,0,4,8,3,2],[0,0,10,3,5,7,9,6,2],[0,0,4,10,3,5,9,2],[0,0,4,3,5,7,6,2],[0,0,4,8,3,5,7,9,6,2],[0,0,4,8,3,7,6,2],[0,0,4,3,5,6,2],[3,0,1,2,3,4,5,6,7,2],[5,0,1,2,2],[9,0,1,2,3,4,5,3]],[[[[8,[{"rasterizerState":{},"depthStencilState":{},"blendState":{"targets":[{}]}},{},{},{}],[{},{},{},{}],[[[{"roughness":0.76,"metallic":0.4},"albedoScale",8,[1,0.15,5,0.12]],{},{},{}],11,0,0,0]]],0,0,[0],[4],[0]],[[[23,"player"],[24,"player",[-3],[[34,4,-2,[2,"742aP1d75Moapf/yHPC6pD"]]],[0,"4dSIQwXS9HkrrW7/Gp+0GW",-1,0],[1,50,50,50]],[7,"Bip001 Spine",[-4,-5,-6,-7,-8],[0,"13U9aJwxVcLr8EZLNQB8bG",1,0],[1,0.00150532007683069,-0.00000309355550598411,2.47090725657984e-9],[3,-0.0000019893902418370507,-6.113260593183598e-7,-0.11206533519466459,0.9937008406172233],[1,-0.00024042052738453871,-0.00009761047715225846,-12.868773655619345]],[25,"human",1,[-10],[[35,true,false,-9,[2,"88fOwWsMtQ5I0GKYEHRaGP"],[12,13,14,15,16,17,18],19]],[0,"0fxO+Iw6ZQw6HfNbN11W8e",1,0]],[14,["7fV8NEHO9Jsp4BVRvBY18f"]],[14,["7fV8NEHO9Jsp4BVRvBY18f"]],[26,"RootNode",3,[-11,-12,-13],[0,"3fA8a1TdVbKKB17SwORRqz",1,0]],[7,"Bip001 Neck",[-14,-15,-16],[0,"50GnU80pZVlqZsAAicSTYe",1,0],[1,0.00289469468407333,-0.0000267863269982627,-2.43966818969099e-10],[3,7.024965378134894e-14,-3.0069276357780574e-7,0.10841243794166762,0.9941060020437728],[1,0.000003825483164343745,-0.00003507833415221795,12.447615310813411]],[27,"锄头碰撞体",[[15,"Cube<ModelComponent>",false,-17,[2,"e8DOT5UJ1F/ZgplWYyCxRs"],[3],[4],4],[16,-18,[2,"6fBne0p7BE7rn058PBRF3L"]],[17,4,-19,[2,"ebk9UKhb9PpI5jSmCx+dr7"]]],[0,"88XB69+2tFo7t0q44Dm/M4",1,0],[1,0.007,0,0],[3,0.9999999999996726,-8.007730768231089e-7,3.1773933193672443e-9,1.1624797876946175e-7],[1,0.014,0.005,0.009],[1,179.99998667896259,-3.6411312123384233e-7,-0.00009176183525702177]],[28,"身体碰撞体",2,[[15,"Cube<ModelComponent>",false,-20,[2,"e8DOT5UJ1F/ZgplWYyCxRs"],[7],[4],8],[16,-21,[2,"66qhG9j9FHXaHuScnJivRR"]],[17,4,-22,[2,"a8UTIRosZJ3Zz8OOUDAykw"]]],[0,"03+1+Y4axGErHJViT88Bnm",1,0],[1,0.0015,0,0],[1,0.018,0.0065,0.0125]],[33,"Bip001",6,[[[29,"Bip001 Footsteps",-23,[0,"09OUcmbiFQdpXARkMBuXG/",1,0],[1,0,0,-0.00625219009816647],[3,9.206735481078602e-34,1.6510866099206885e-32,0.7071063043492202,0.7071072580235535],[1,0,1.4920143448494498e-31,90]],-24],4,1],[0,"32+tuE99JaYKekAxjUm6A5",1,0],[1,2.21867101675419e-33,0.0159100070595741,-3.39203005961242e-11],[3,-0.5000003576277411,-0.4999996423720031,-0.4999996423720031,0.5000003576277411],[1,2.53999996185303,2.53999996185303,2.53999996185303],[1,-90,-89.99991803772988,0]],[7,"Bip001 R Hand",[-25,-26],[0,"cdlxuR9t5dbouZx7ncBTaO",1,0],[1,0.00203761039301753,-1.49011608607807e-10,-5.9604643443123e-10],[3,0.7053580337858572,0.04551857372035368,0.04555485432284689,0.7059198671717906],[1,89.95438093256995,-0.000001959732517337721,7.384651240110636]],[30,"砖块",2,[-27,-28],[0,"dckpUWbw1NDbFuBuEOoM0o",1,0],[1,-0.007727289348960205,-0.0005746612968374047,-1.8516304619153916e-9],[3,-0.4902289572858148,-0.5095830645072579,-0.49022965883447167,0.5095837040221087],[1,0.393700793314367,0.3937007933143671,0.393700793314367],[1,-87.78204775265594,-90.00000206649499,-0.00007689167655330683]],[9,0,null,12,[13,"7fV8NEHO9Jsp4BVRvBY18f",-30,[18,"07adWJwdZK/JnTY1FnKChW",1,[[5,"绿砖",["_name"],4],[6,["_lpos"],4,[1,0,0.005,-0.006]],[6,["_lrot"],4,[3,0,0,0,1]],[19,["_prefab","root"],4,-29],[5,true,["_active"],4]]],5]],[9,0,null,12,[13,"7fV8NEHO9Jsp4BVRvBY18f",-32,[18,"3b8vR2PUxBOJHLlggZnxM/",1,[[5,"绿砖-001",["_name"],5],[6,["_lpos"],5,[1,0,0.005,-0.013]],[6,["_lrot"],5,[3,0,0,0,1]],[19,["_prefab","root"],5,-31],[5,true,["_active"],5]]],6]],[10,"人",6,[[20,-33,[2,"0eJm535EhfiKBVFzpMRKd5"],[0],[4],3,1,2]],[0,"cbr2W2Y/BeGZ4jGG35gFYC",1,0],[3,-0.7071067811865476,0,0,0.7071067811865476],[1,2.53999996185303,2.53999996185303,2.53999996185303],[1,-90.00000000000003,0,0]],[31,"Bip001 Pelvis",10,[2],[0,"dcQ3vPR5FXZZJdWt7IUyFC",1,0],[3,-0.5442472228289045,-0.4514356659752295,-0.45143578518452226,0.5442485937357667],[1,-89.99992066850908,-79.34917859160555,-0.00007835263650366276]],[1,"Bip001 Spine1",2,[7],[0,"c1l7dlrVtSMJdhaBuzkP64",1,0],[1,0.00164846412371844,-0.00000188440083093155,-5.22646812980976e-12],[3,1.4712990712215958e-14,2.2054123289801362e-7,-0.07951441946511248,0.9968337158709458],[1,0.0000020352388766933126,0.000025514781593103054,-9.121310211784593]],[1,"Bip001 L Clavicle",7,[-34],[0,"bcD9GLJHNcfKzaiSxz7RRU",1,0],[1,-0.00102391245309263,0.0000841669752844609,0.00109694758430123],[3,0.6579034775609902,-0.07201389805412804,0.7452004979279591,0.08156733775309402],[1,167.60009828387447,-96.9534604287408,1.5363786990853334]],[1,"Bip001 L UpperArm",18,[-35],[0,"a7wWsB0aVW4b4tOiluOmY/",1,0],[1,0.000769375532399863,1.49011608607807e-10,0],[3,0.11889488162877801,0.26123234438170867,0.11946084262793301,0.9504476716000408],[1,9.839876660015438,29.279303355407347,16.810123325414594]],[1,"Bip001 L Forearm",19,[-36],[0,"d8KR/VZo5X9Zo+z+vYGaFy",1,0],[1,0.00214364402927458,2.77555749952435e-19,0],[3,-3.9566954122984894e-17,-1.4854072826364573e-17,-0.3119151323104684,0.9501099674436339],[1,-6.007766120406401e-15,-3.7638427655063725e-15,-36.3493664441272]],[1,"Bip001 L Hand",20,[-37],[0,"cfwBoHEeZQmZRq/5/V+e9c",1,0],[1,0.00203761016018689,-1.49011608607807e-10,-1.11022299980974e-18],[3,-0.7053580328286158,-0.04551858855974172,0.04555486916218569,0.7059198662137868],[1,-89.95438093250758,0.00000195876514231915,7.384653649934413]],[3,"Bip001 L Finger0",21,[[32,"Bip001 L Finger0Nub",-38,[0,"5aa+foRtVbl7viMhmi4ZGa",1,0],[1,0.000870935909915715,0,2.98023217215615e-10],[1,-8.537737861960074e-7,-0.0000025613211550325,-0.0000017075474769753546]]],[0,"baG2Hx5sNeQqdFkecyTafL",1,0],[1,0.000779729161877185,-5.9604643443123e-10,-2.98023217215615e-10],[3,-0.00039329568149716707,0.00006201378580465865,0.15576184960433478,0.9877945574261046],[1,-0.047951971638057075,0.014755438778638124,17.92196294523929]],[1,"Bip001 R Clavicle",7,[-39],[0,"c0g2d2MqtZP6M13Glr+aLf",1,0],[1,-0.00102391245309263,0.0000841730434331112,-0.0010969468858093],[3,-0.6579032552447851,0.0720118285552789,0.745200694980887,0.08156915769114682],[1,-167.6001373627979,96.95346095495313,1.536693919973579]],[1,"Bip001 R UpperArm",23,[-40],[0,"39gs419TBcgpDEaSh2GzeR",1,0],[1,0.000769375474192202,1.49011608607807e-10,0],[3,-0.11889489631929619,-0.2612323439188908,0.11946084241628763,0.9504476699161597],[1,-9.839878366699322,-29.279303065817817,16.8101237300591]],[1,"Bip001 R Forearm",24,[11],[0,"7e5039K11Ro59ZBBVe/qsJ",1,0],[1,0.00214364426210523,-2.77555749952435e-19,1.11022299980974e-18],[3,-1.586771800884059e-17,2.1185139388589385e-17,-0.31191515921329205,0.9501099586116056],[1,-1.2048081568823877e-15,2.1595818505554614e-15,-36.34936968884269]],[3,"Bip001 R Finger0",11,[[11,"Bip001 R Finger0Nub",-41,[0,"3256wiFpla7oqInd6EuF1T",1,0],[1,0.000870935618877411,-1.11022299980974e-18,-2.77555749952435e-19],[3,8.32667268468867e-17,-3.72529029846191e-9,1,-1.49011611938477e-8],[1,-1,-1,-1],[1,179.99999957311317,-180,-0.000001707547292503193]]],[0,"7a4ECR7/lTLZ3LlxdWESLx",1,0],[1,0.000779728870838881,-5.9604643443123e-10,7.45058043039037e-11],[3,0.000393304238934539,-0.00006201999234009163,0.1557618350641182,0.9877945597151032],[1,0.04795310565174558,-0.014756336861510386,17.92196125803658]],[1,"Bone001",11,[8],[0,"d8mkM7XvFe64WxEpEnXTjn",1,0],[1,0.000246088195126504,0.000713430636096746,-0.000945268839132041],[3,0.7328014458778243,0.2475827663052125,0.5245289267345862,-0.35577270801270283],[1,-128.63014300327626,-70.90339279529665,-0.5940610289682435]],[3,"Bip001 Head",7,[[12,"Bip001 HeadNub",-42,[0,"23F1j38cxTC61uEKPBbK67",1,0],[1,0.00575864920392632,1.49011608607807e-10,1.05879116040205e-24]]],[0,"21Ia/eMG5UcbxRpaRSvQpJ",1,0],[1,0.00044386982335709,3.72529021519519e-11,2.64697790100512e-25],[3,-2.5840378834425516e-15,-1.6502573738100533e-7,0.05949804878847373,0.9982284218505988],[1,0.0000011331637589888399,-0.000019011658196794615,6.8220032162929085]],[1,"Bip001 L Thigh",2,[-43],[0,"e22vS2ZHpTOIcFTTnl0XIV",1,0],[1,-0.00146819942165166,-0.000332250056089833,0.0011114499066025],[3,0.02733522650341528,0.9987801897614983,0.0008337820171745963,-0.04111231858628448],[1,-0.22454222231009557,-175.27965564133825,3.126188154901695]],[1,"Bip001 L Calf",29,[-44],[0,"8342BaQsxanb/uH147kAcB",1,0],[1,0.00323770032264292,3.72529021519519e-11,2.77555749952435e-19],[3,-1.375109172277296e-19,-9.660440650843656e-19,-0.14092381155744488,0.990020443898065],[1,-3.249119137182006e-17,-1.164413106281468e-16,-16.202613511325335]],[1,"Bip001 L Foot",30,[-45],[0,"f1jjCtalBe76qaLPsSCkks",1,0],[1,0.0020109775941819,0,0],[3,-0.03240717857443978,-0.04419636603585602,0.09276165555481576,0.9941789231646377],[1,-3.282028407567884,-4.780628891917133,10.795719276663624]],[3,"Bip001 L Toe0",31,[[11,"Bip001 L Toe0Nub",-46,[0,"cbsSCE+q5b6L1DfaHXiQEp",1,0],[1,0.0000887739661266096,-1.1641531922485e-12,-1.49011608607807e-10],[3,-4.6074255521944e-15,1.77635683940025e-15,1,-6.12323426292584e-17],[1,-1,-1,-1],[1,-179.9999999999998,179.9999999999995,-7.01670960471194e-15]]],[0,"9eQscoLylQIrxnYEQDlCr4",1,0],[1,0.00107100687455386,0.00160951190628111,1.49011608607807e-10],[3,1.5454311872698787e-8,1.5454310096341954e-8,0.7071067811865472,0.7071067811865472],[1,0,0.0000025044784441148167,90]],[1,"Bip001 R Thigh",2,[-47],[0,"61kl16Qa9RvKkCmYp3t/EP",1,0],[1,-0.00146819942165166,-0.000332243886077777,-0.00111145246773958],[3,0.02733533450252838,0.9987801885080428,-0.0008310059763706987,0.041112333435850246],[1,0.22422458500551576,175.27966255241017,3.126213626432097]],[1,"Bip001 R Calf",33,[-48],[0,"35XqDPNm9Z+q2lqYjfUFEU",1,0],[1,0.00323770032264292,3.72529021519519e-11,2.77555749952435e-19],[3,-2.0001390293026956e-18,1.3645307673900118e-17,-0.14092384076790754,0.9900204397401204],[1,-6.829252541264731e-18,1.5784266794091794e-15,-16.202616892338813]],[1,"Bip001 R Foot",34,[-49],[0,"ccx2N60/daXr2iBACatGVa",1,0],[1,0.0020109775941819,3.72529021519519e-11,1.49011608607807e-10],[3,0.03240717662298268,0.0441964578619497,0.09276166808278127,0.9941789179771837],[1,3.2820271201870037,4.780639553301668,10.795721010574091]],[3,"Bip001 R Toe0",35,[[12,"Bip001 R Toe0Nub",-50,[0,"deba85Tw1fV4gi/7l/v8Gj",1,0],[1,0.0000887741116457619,-1.1641531922485e-12,-1.49011608607807e-10]]],[0,"e4MQfJPwFQOpfbUQ+rnsXE",1,0],[1,0.00107100675813854,0.00160951213911176,0],[3,-1.5454310096341954e-8,-1.5454308319985125e-8,0.7071067811865472,0.7071067811865472],[1,0,-0.0000025044781562438695,90]],[10,"Pickaxe",6,[[20,-51,[2,"88PQvLuI1Y5ajDdu7uzsoG"],[9],[4],3,10,11]],[0,"cegl6OOUdW7Y8LB42Jg2zP",1,0],[3,-0.7071067811865476,0,0,0.7071067811865476],[1,2.53999996185303,2.53999996185303,2.53999996185303],[1,-90.00000000000003,0,0]]],0,[0,3,1,0,0,1,0,-1,3,0,-1,17,0,-2,29,0,-3,33,0,-4,12,0,-5,9,0,0,3,0,-1,6,0,-1,15,0,-2,10,0,-3,37,0,-1,18,0,-2,23,0,-3,28,0,0,8,0,0,8,0,0,8,0,0,9,0,0,9,0,0,9,0,1,10,0,-2,16,0,-1,26,0,-2,27,0,-1,13,0,-2,14,0,5,13,0,3,13,0,5,14,0,3,14,0,0,15,0,-1,19,0,-1,20,0,-1,21,0,-1,22,0,1,22,0,-1,24,0,-1,25,0,1,26,0,1,28,0,-1,30,0,-1,31,0,-1,32,0,1,32,0,-1,34,0,-1,35,0,-1,36,0,1,36,0,0,37,0,8,1,2,1,16,7,1,17,8,1,27,11,1,25,51],[0,0,0,0,0,0,0,0,0,0,0,0,0,0,0,0,0,0,0,0],[-1,2,6,-1,2,7,7,-1,2,-1,2,6,-1,-2,-3,-4,-5,-6,-7,9],[5,6,7,1,2,3,3,1,2,8,9,10,11,4,12,13,14,15,16,4]],[[[21,"Skin-0",3995470420,["RootNode/Bip001","RootNode/Bip001/Bip001 Pelvis","RootNode/Bip001/Bip001 Pelvis/Bip001 Spine","RootNode/Bip001/Bip001 Pelvis/Bip001 Spine/Bip001 R Thigh","RootNode/Bip001/Bip001 Pelvis/Bip001 Spine/Bip001 L Thigh","RootNode/Bip001/Bip001 Pelvis/Bip001 Spine/Bip001 R Thigh/Bip001 R Calf/Bip001 R Foot","RootNode/Bip001/Bip001 Pelvis/Bip001 Spine/Bip001 R Thigh/Bip001 R Calf","RootNode/Bip001/Bip001 Pelvis/Bip001 Spine/Bip001 L Thigh/Bip001 L Calf/Bip001 L Foot","RootNode/Bip001/Bip001 Pelvis/Bip001 Spine/Bip001 Spine1","RootNode/Bip001/Bip001 Pelvis/Bip001 Spine/Bip001 Spine1/Bip001 Neck/Bip001 R Clavicle/Bip001 R UpperArm","RootNode/Bip001/Bip001 Pelvis/Bip001 Spine/Bip001 Spine1/Bip001 Neck/Bip001 R Clavicle","RootNode/Bip001/Bip001 Pelvis/Bip001 Spine/Bip001 Spine1/Bip001 Neck","RootNode/Bip001/Bip001 Pelvis/Bip001 Spine/Bip001 L Thigh/Bip001 L Calf","RootNode/Bip001/Bip001 Pelvis/Bip001 Spine/Bip001 Spine1/Bip001 Neck/Bip001 L Clavicle/Bip001 L UpperArm","RootNode/Bip001/Bip001 Pelvis/Bip001 Spine/Bip001 Spine1/Bip001 Neck/Bip001 L Clavicle","RootNode/Bip001/Bip001 Pelvis/Bip001 Spine/Bip001 Spine1/Bip001 Neck/Bip001 Head","RootNode/Bip001/Bip001 Pelvis/Bip001 Spine/Bip001 Spine1/Bip001 Neck/Bip001 R Clavicle/Bip001 R UpperArm/Bip001 R Forearm","RootNode/Bip001/Bip001 Pelvis/Bip001 Spine/Bip001 Spine1/Bip001 Neck/Bip001 R Clavicle/Bip001 R UpperArm/Bip001 R Forearm/Bip001 R Hand","RootNode/Bip001/Bip001 Pelvis/Bip001 Spine/Bip001 Spine1/Bip001 Neck/Bip001 R Clavicle/Bip001 R UpperArm/Bip001 R Forearm/Bip001 R Hand/Bip001 R Finger0","RootNode/Bip001/Bip001 Pelvis/Bip001 Spine/Bip001 Spine1/Bip001 Neck/Bip001 L Clavicle/Bip001 L UpperArm/Bip001 L Forearm","RootNode/Bip001/Bip001 Pelvis/Bip001 Spine/Bip001 Spine1/Bip001 Neck/Bip001 L Clavicle/Bip001 L UpperArm/Bip001 L Forearm/Bip001 L Hand","RootNode/Bip001/Bip001 Pelvis/Bip001 Spine/Bip001 Spine1/Bip001 Neck/Bip001 L Clavicle/Bip001 L UpperArm/Bip001 L Forearm/Bip001 L Hand/Bip001 L Finger0"],[[[7,0.000001370906943520822,1,-6.123234262925839e-17,0,-1,0.000001370906943520822,6.123225660247469e-17,0,6.123234262925839e-17,6.123225660247469e-17,1,0,1.335444949068787e-11,-1.8691252708295256e-17,-0.006263782270252705,1],[7,-0.0000011334246892147348,0.0000027340888664184604,1,0,-0.184823140501976,-0.9827718138694763,0.0000024775024485279573,0,0.9827717542648315,-0.184823140501976,0.000001619220824977674,0,-0.006155868526548147,0.0011576920514926314,-1.0142445994176796e-8,1],[7,-5.305539474420584e-8,-0.0000014037201481187367,1,0,0.038700904697179794,-0.9992507696151733,-0.0000014006153605805594,0,0.9992507696151733,0.03870090842247009,1.0734090238884164e-7,0,-0.007727288641035557,-0.0005746613023802638,-1.9729216038655295e-9,1],[7,-0.08216981589794159,0.0005862471298314631,-0.9966182708740234,0,-0.0930069237947464,-0.9956403374671936,0.007082622963935137,0,-0.9922690987586975,0.09327436983585358,0.08186610788106918,0,0.006124029401689768,-0.0005836005439050496,-0.0016204839339479804,1],[7,0.08216990530490875,-0.0005835223710164428,-0.9966181516647339,0,-0.09300670772790909,-0.9956403374671936,-0.00708533450961113,0,-0.9922690987586975,0.09327436983585358,-0.08186593651771545,0,0.0061240303330123425,-0.0005836005439050496,0.0016204827697947621,1],[7,1.6292061388867296e-7,-0.07996693253517151,-0.9967975616455078,0,-6.123232939436859e-17,-0.9967973828315735,0.0799669474363327,0,-0.9999998211860657,-1.302826468929652e-8,-1.6239891920122318e-7,0,0.0010825998615473509,-0.00004516856279224157,-0.0015378122916445136,1],[7,-0.07906966656446457,-0.022365426644682884,-0.9966182708740234,0,0.1885056495666504,-0.9820465445518494,0.007082763127982616,0,-0.9788838624954224,-0.18730811774730682,0.08186610788106918,0,0.002934532007202506,0.00024496600963175297,-0.0016204838175326586,1],[7,1.6292061388867296e-7,0.07996966689825058,-0.9967973828315735,0,-6.123232939436859e-17,-0.9967972636222839,-0.07996967434883118,0,-0.9999998211860657,1.302870877850637e-8,-1.6239887656865903e-7,0,0.0010825993958860636,-0.00004516851913649589,0.0015378118259832263,1],[7,-2.695451257750392e-7,-0.0000014294533912107,1,0,0.19661805033683777,-0.9804801940917969,-0.0000013485532690538093,0,0.9804800748825073,0.19661808013916016,5.453400717669865e-7,0,-0.009166396223008633,-0.002051828196272254,-6.0699929527174845e-9,1],[7,-0.7705026865005493,0.12793953716754913,0.6244655251502991,0,0.1713756024837494,0.9851588010787964,0.00961555540561676,0,-0.6139674782752991,0.11442695558071136,-0.7809931635856628,0,0.005332780536264181,-0.0013309373753145337,0.009831752628087997,1],[7,-0.9922878742218018,-0.0000013350096423891955,0.1239548921585083,0,-0.024469852447509766,0.9803232550621033,-0.19587627053260803,0,-0.12151562422513962,-0.1973988115787506,-0.9727628827095032,0,0.00028017046861350536,0.0018953258404508233,0.011092416010797024,1],[7,2.6517593454400412e-8,-0.0000014029507156010368,1,0,-0.01934315636754036,-0.99981290102005,-0.0000014021753713677754,0,0.9998128414154053,-0.01934315636754036,-5.365013322489176e-8,0,-0.012214068323373795,0.0006222901865839958,1.5166161659863064e-9,1],[7,0.07906899601221085,0.02236802503466606,-0.9966181516647339,0,0.1885058730840683,-0.9820465445518494,-0.007085434161126614,0,-0.9788838624954224,-0.18730813264846802,-0.08186592906713486,0,0.0029345324728637934,0.00024496621335856616,0.0016204827697947621,1],[7,0.7705022096633911,-0.1279422491788864,0.6244655847549438,0,0.17137771844863892,0.9851585030555725,-0.009613837115466595,0,-0.6139675378799438,0.11442695558071136,0.7809931635856628,0,0.0053327796049416065,-0.0013309372588992119,-0.009831753559410572,1],[7,0.9922879338264465,-0.0000013516265653379378,0.12395434826612473,0,-0.02446712926030159,0.9803232550621033,0.1958766132593155,0,-0.12151561677455902,-0.1973988115787506,0.9727628827095032,0,0.0002801696537062526,0.0018953257240355015,-0.011092416010797024,1],[7,1.8914683153070655e-7,-0.0000014158041494738427,1,0,-0.13796928524971008,-0.9904365539550781,-0.0000013761675745627144,0,0.9904364347457886,-0.13796930015087128,-3.8267540958258905e-7,0,-0.012494402006268501,0.0021214615553617477,5.674765990448805e-9,1],[7,-0.6964073777198792,-0.3536377549171448,0.6244655251502991,0,-0.4458819627761841,0.8950400948524475,0.009615546092391014,0,-0.5623221397399902,-0.2717415690422058,-0.7809931635856628,0,0.0033574446570128202,0.000818264321424067,0.009831751696765423,1],[7,-0.7360840439796448,0.6242573261260986,0.26169252395629883,0,-0.32714414596557617,0.01036796160042286,-0.9449175000190735,0,-0.5925849676132202,-0.7811499834060669,0.19659042358398438,0,0.001414058730006218,0.009832260198891163,-0.000634009949862957,1],[7,-0.5082051753997803,0.8206732273101807,0.2611953020095825,0,-0.30831101536750793,0.10981819033622742,-0.9449254274368286,0,-0.8041589856147766,-0.5607454776763916,0.19721241295337677,0,0.0036289910785853863,0.009159484878182411,-0.000641839811578393,1],[7,0.6964085102081299,0.35363537073135376,0.6244655847549438,0,-0.44588008522987366,0.8950411081314087,-0.009613854810595512,0,-0.562322199344635,-0.2717415690422058,0.7809931635856628,0,0.0033574439585208893,0.0008182637393474579,-0.009831753559410572,1],[7,0.7360849380493164,-0.6242573857307434,0.2616899609565735,0,-0.3271421492099762,0.010366267524659634,0.9449182748794556,0,-0.592585027217865,-0.7811498641967773,-0.19659043848514557,0,0.001414058730006218,0.009832260198891163,0.0006340098334476352,1],[7,0.5082060098648071,-0.8206735849380493,0.2611927092075348,0,-0.3083096146583557,0.10981594771146774,0.9449262619018555,0,-0.8041589856147766,-0.5607455372810364,-0.19721242785453796,0,0.0036289910785853863,0.009159485809504986,0.0006418396369554102,1]],8,8,8,8,8,8,8,8,8,8,8,8,8,8,8,8,8,8,8,8,8,8]]],0,0,[],[],[]],[[[22,".bin",1861384073,[{"primitives":[{"primitiveMode":7,"vertexBundelIndices":[0],"indexView":{"offset":10368,"length":756,"count":378,"stride":2}}],"vertexBundles":[{"view":{"offset":0,"length":10368,"count":144,"stride":72},"attributes":[{"name":"a_position","format":32,"isNormalized":false},{"name":"a_normal","format":32,"isNormalized":false},{"name":"a_texCoord","format":21,"isNormalized":false},{"name":"a_tangent","format":44,"isNormalized":false},{"name":"a_joints","format":42,"isNormalized":false},{"name":"a_weights","format":44,"isNormalized":false}]}]},"minPosition",8,[1,-0.0014813517918810248,-0.0049255299381911755,-0.006672436837106943],"maxPosition",8,[1,0.0014813522575423121,0.0049255299381911755,0.006672436837106943]]],-1],0,0,[],[],[]],[[[22,".bin",2547428730,[{"primitives":[{"primitiveMode":7,"jointMapIndex":0,"vertexBundelIndices":[0],"indexView":{"offset":85680,"length":11256,"count":5628,"stride":2}}],"vertexBundles":[{"view":{"offset":0,"length":85680,"count":1190,"stride":72},"attributes":[{"name":"a_position","format":32,"isNormalized":false},{"name":"a_normal","format":32,"isNormalized":false},{"name":"a_texCoord","format":21,"isNormalized":false},{"name":"a_tangent","format":44,"isNormalized":false},{"name":"a_joints","format":42,"isNormalized":false},{"name":"a_weights","format":44,"isNormalized":false}]}],"jointMaps":[[0,1,2,3,4,5,6,7,8,9,10,11,12,13,14,15,16,17,18,19,20,21]]},"minPosition",8,[1,-0.006138684693723917,-0.0030234679579734802,-0.00005185007830732502],"maxPosition",8,[1,0.006138684693723917,0.002908351132646203,0.018435489386320114]]],-1],0,0,[],[],[]],[[[21,"Skin-1",1965517235,["RootNode/Bip001/Bip001 Pelvis/Bip001 Spine/Bip001 Spine1/Bip001 Neck/Bip001 R Clavicle/Bip001 R UpperArm/Bip001 R Forearm/Bip001 R Hand/Bone001"],[[[7,1.6292067073209182e-7,-1,2.7816824399451434e-8,0,6.123234262925839e-17,-2.7816824399451434e-8,-1,0,1,1.6292067073209182e-7,-4.470703846595715e-15,0,0.006655237637460232,1.084275780272037e-9,-3.0161109481161724e-17,1]],8]]],0,0,[],[],[]],[[[8,[{"rasterizerState":{},"depthStencilState":{},"blendState":{"targets":[{}]}},{},{},{}],[{"USE_ALBEDO_MAP":true},{},{},{}],[[[{"roughness":0.581,"metallic":0.028},"emissive",8,[4,4279045389],"mainTexture",6,0],{},{},{}],11,0,0,0]]],0,0,[0,0],[10,4],[17,0]]]]
